0 0.179381
1 0.191233
2 0.187619
3 0.196946
4 0.269179
5 0.359095
6 0.465174
7 0.586378
8 0.726621
9 0.897486
10 1.112660
11 1.383784
12 1.722648
13 2.143946
14 2.667275
15 3.317833
16 4.127012
17 5.133499
18 6.385112
19 7.941205
20 9.875723
21 12.272369
22 15.213884
23 18.643340
24 22.128109
25 24.902775
26 26.442833
27 26.830782
28 26.342748
29 25.056252
30 23.052568
31 20.693920
32 18.660326
33 17.392567
34 16.715621
35 16.248144
36 15.801870
37 15.308493
38 14.784703
39 14.253497
40 13.726082
41 13.206698
42 12.696826
43 12.196174
44 11.711371
45 11.248590
46 10.810724
47 10.396048
48 10.000161
49 9.619476
50 9.252449
51 8.898679
52 8.558129
53 8.230585
54 7.915622
55 7.612741
56 7.321477
57 7.041421
58 6.772200
59 6.513419
60 6.264657
61 6.025486
62 5.795499
63 5.574327
64 5.361629
65 5.157085
66 4.960384
67 4.771224
68 4.589313
69 4.414370
70 4.246127
71 4.084324
72 3.928713
73 3.779055
74 3.635121
75 3.496689
76 3.363929
77 3.237993
78 3.127481
79 3.057669
80 3.067637
81 3.180106
82 3.380354
83 3.642579
84 3.955510
85 4.310268
86 4.687567
87 5.054280
88 5.391671
89 5.717095
90 6.058459
91 6.428617
92 6.831702
93 7.265954
94 7.729618
95 8.222713
96 8.746693
97 9.303689
98 9.896037
99 10.525513
100 11.193945
101 11.903576
102 12.657246
103 13.458192
104 14.309667
105 15.214827
106 16.176882
107 17.199224
108 18.285516
109 19.439700
110 20.665973
111 21.968770
112 23.352767
113 24.822903
114 26.384409
115 28.042824
116 29.804007
117 31.674146
118 33.659770
119 35.767771
120 38.005420
121 40.380385
122 42.900753
123 45.575041
124 48.412218
125 51.421716
126 54.613453
127 57.997844
128 61.585824
129 65.388858
130 69.418958
131 73.688694
132 78.211208
133 83.000224
134 88.070051
135 93.435593
136 99.112351
137 105.116417
138 111.464471
139 118.173772
140 125.262141
141 132.747939
142 140.650042
